id: 4757091024
type: node
latitude: -3.99405
longitude: -79.20436
postcode: ""
city: Loja, Ecuador
street: 18 de Noviembre
housenumber: 04-59
phone: 099 442 5416
opening_hours: 24/7
website: ""
